1001111011010100001100000010100001110110101011101110
1000110010111001010101001000111101011111010000001011
0001001001000110011110110100110101111001010001111010
1101011111000100010101101111010000110110010100100100
0100100111100101101111010001000100001001101011001111
0100110001001010011110100101011101010010001110101011
0101101111010110100100110100000010101010001110101011
1011000101100000101110101000101001000110101011110111
0100001111011010111010000111010000010011111010001110
1001001011010001111001010111011000000111000111010110
